3 2 667 635 91 71 1.00872 -1 -1 -1
3 2 725 669 70 55 0.99976 -1 -1 -1
3 2 768 631 273 225 0.963315 -1 -1 -1
3 2 388 623 301 197 1.00023 -1 -1 -1
3 0 1417 594 41 108 0.999064 -1 -1 -1
4 2 667 635 91 72 1.01968 -1 -1 -1
4 2 725 669 70 55 1.00435 -1 -1 -1
4 2 768 631 273 225 0.963593 -1 -1 -1
4 2 388 623 301 197 0.986567 -1 -1 -1
4 0 1417 594 41 108 0.997995 -1 -1 -1
5 2 667 635 91 72 1.02881 -1 -1 -1
5 2 725 670 70 55 0.926189 -1 -1 -1
5 2 769 631 273 225 0.951508 -1 -1 -1
5 2 389 624 301 197 0.992812 -1 -1 -1
5 0 1417 594 42 108 0.929334 -1 -1 -1
6 2 667 636 89 74 1.00068 -1 -1 -1
6 2 725 670 69 55 0.921379 -1 -1 -1
6 2 769 631 273 224 0.959315 -1 -1 -1
6 2 391 624 300 195 0.999544 -1 -1 -1
6 0 1417 594 44 108 0.898671 -1 -1 -1
7 2 667 635 87 75 0.922826 -1 -1 -1
7 2 726 670 68 55 0.947016 -1 -1 -1
7 2 769 632 273 223 0.960168 -1 -1 -1
7 2 394 625 298 194 0.945053 -1 -1 -1
7 0 1418 594 45 107 0.916699 -1 -1 -1
8 2 666 634 88 72 0.935936 -1 -1 -1
8 2 727 670 68 55 0.912254 -1 -1 -1
8 2 770 632 272 222 0.950772 -1 -1 -1
8 2 398 625 297 194 0.902957 -1 -1 -1
8 0 1419 595 47 107 0.976102 -1 -1 -1
9 2 728 671 67 54 0.873395 -1 -1 -1
9 2 770 633 271 221 0.954133 -1 -1 -1
9 2 401 625 296 193 0.922512 -1 -1 -1
9 0 1420 596 48 106 0.975581 -1 -1 -1
10 2 730 671 66 54 0.89383 -1 -1 -1
10 2 771 633 270 220 0.955032 -1 -1 -1
10 2 404 625 294 192 0.909245 -1 -1 -1
10 0 1420 596 50 106 0.999231 -1 -1 -1
11 2 731 671 66 55 0.98193 -1 -1 -1
11 2 771 633 270 219 0.957388 -1 -1 -1
11 2 407 625 293 191 0.890273 -1 -1 -1
11 0 1422 596 50 106 1.00282 -1 -1 -1
12 2 733 670 65 55 0.949381 -1 -1 -1
12 2 771 634 269 218 0.967142 -1 -1 -1
12 2 410 626 292 190 0.84105 -1 -1 -1
12 0 1423 596 51 107 0.98879 -1 -1 -1
13 2 667 633 87 75 0.971614 -1 -1 -1
13 2 734 670 64 55 0.936084 -1 -1 -1
13 2 772 634 268 217 0.955675 -1 -1 -1
13 2 413 626 290 189 0.778367 -1 -1 -1
13 0 1425 595 51 108 0.951791 -1 -1 -1
14 2 665 633 88 79 0.978596 -1 -1 -1
14 2 735 670 63 55 0.928994 -1 -1 -1
14 2 772 635 266 216 0.981622 -1 -1 -1
14 2 416 626 290 188 0.754947 -1 -1 -1
14 0 1426 594 51 109 0.961913 -1 -1 -1
15 2 663 633 89 81 0.978128 -1 -1 -1
15 2 737 670 63 54 0.894763 -1 -1 -1
15 2 773 635 265 215 0.954392 -1 -1 -1
15 2 419 626 288 186 0.77345 -1 -1 -1
15 0 1429 593 49 110 0.958168 -1 -1 -1
16 2 662 633 89 81 0.918254 -1 -1 -1
16 2 738 670 62 54 0.784229 -1 -1 -1
16 2 773 635 264 214 0.956312 -1 -1 -1
16 2 422 627 285 185 0.826072 -1 -1 -1
16 0 1433 592 47 111 0.959884 -1 -1 -1
17 2 662 632 89 79 0.86322 -1 -1 -1
17 2 739 670 62 54 0.755504 -1 -1 -1
17 2 773 636 263 213 0.968399 -1 -1 -1
17 2 425 628 284 184 0.814693 -1 -1 -1
17 0 1435 591 45 112 0.957217 -1 -1 -1
18 2 662 632 89 79 0.811613 -1 -1 -1
18 2 741 671 61 53 0.724411 -1 -1 -1
18 2 774 636 262 213 0.988906 -1 -1 -1
18 2 427 628 281 183 0.799641 -1 -1 -1
18 0 1438 590 44 112 0.945792 -1 -1 -1
19 2 663 632 88 79 0.826129 -1 -1 -1
19 2 742 671 61 53 0.697759 -1 -1 -1
19 2 775 636 261 212 0.933236 -1 -1 -1
19 2 430 628 278 182 0.742716 -1 -1 -1
19 0 1440 590 42 113 0.929147 -1 -1 -1
20 2 663 631 89 77 0.847242 -1 -1 -1
20 2 743 670 60 53 0.697852 -1 -1 -1
20 2 776 636 259 211 0.953675 -1 -1 -1
20 2 433 628 276 181 0.756123 -1 -1 -1
20 0 1443 589 40 114 0.941881 -1 -1 -1
21 2 663 631 89 75 0.813667 -1 -1 -1
21 2 744 671 59 52 0.680145 -1 -1 -1
21 2 777 637 258 210 0.955869 -1 -1 -1
21 2 435 628 273 181 0.747929 -1 -1 -1
21 0 1446 589 39 115 0.924787 -1 -1 -1
22 2 664 632 90 74 0.798951 -1 -1 -1
22 2 745 671 58 52 0.683351 -1 -1 -1
22 2 778 637 256 209 0.979068 -1 -1 -1
22 2 438 628 271 180 0.728455 -1 -1 -1
22 0 1448 588 38 116 0.94676 -1 -1 -1
23 2 665 633 88 71 0.835204 -1 -1 -1
23 2 746 672 58 51 0.689488 -1 -1 -1
23 2 779 637 254 208 0.92942 -1 -1 -1
23 2 441 629 269 179 0.723009 -1 -1 -1
23 0 1450 588 38 117 0.920796 -1 -1 -1
24 2 665 634 87 69 0.839586 -1 -1 -1
24 2 747 672 58 51 0.741163 -1 -1 -1
24 2 780 638 253 208 0.957285 -1 -1 -1
24 2 444 630 267 178 0.729264 -1 -1 -1
24 0 1452 588 39 118 0.90967 -1 -1 -1
25 2 748 672 58 51 0.744859 -1 -1 -1
25 2 780 638 252 206 0.937333 -1 -1 -1
25 2 447 630 265 177 0.723266 -1 -1 -1
25 0 1452 589 41 117 0.827832 -1 -1 -1
26 2 749 673 56 50 0.742757 -1 -1 -1
26 2 781 639 251 205 0.956907 -1 -1 -1
26 2 449 631 264 176 0.738889 -1 -1 -1
26 0 1453 590 42 117 0.884271 -1 -1 -1
27 2 750 673 56 50 0.729721 -1 -1 -1
27 2 781 639 249 204 0.933567 -1 -1 -1
27 2 452 631 262 175 0.738099 -1 -1 -1
27 0 1455 590 43 116 0.868829 -1 -1 -1
28 2 663 635 91 67 0.813078 -1 -1 -1
28 2 751 673 55 49 0.700087 -1 -1 -1
28 2 782 640 248 203 0.93194 -1 -1 -1
28 2 455 631 261 174 0.710279 -1 -1 -1
28 0 1457 591 44 116 0.910719 -1 -1 -1
29 2 663 636 91 66 0.752988 -1 -1 -1
29 2 751 673 55 49 0.748907 -1 -1 -1
29 2 783 640 247 202 0.92417 -1 -1 -1
29 2 458 632 260 173 0.713039 -1 -1 -1
29 0 1460 591 45 116 0.904839 -1 -1 -1
30 2 665 637 91 65 0.753309 -1 -1 -1
30 2 752 674 55 48 0.664722 -1 -1 -1
30 2 784 641 245 201 0.923427 -1 -1 -1
30 2 461 633 259 172 0.687825 -1 -1 -1
30 0 1463 591 45 116 0.880942 -1 -1 -1
31 2 666 638 92 65 0.84522 -1 -1 -1
31 2 753 674 55 48 0.731548 -1 -1 -1
31 2 784 641 244 199 0.940489 -1 -1 -1
31 2 464 634 257 171 0.693058 -1 -1 -1
31 0 1464 591 45 115 0.804434 -1 -1 -1
32 2 666 638 93 66 0.867139 -1 -1 -1
32 2 753 674 55 47 0.745944 -1 -1 -1
32 2 785 642 242 198 0.932992 -1 -1 -1
32 2 468 635 256 170 0.686273 -1 -1 -1
32 0 1465 591 46 116 0.814076 -1 -1 -1
33 2 665 638 95 69 0.874754 -1 -1 -1
33 2 754 674 55 47 0.75129 -1 -1 -1
33 2 786 642 241 196 0.91764 -1 -1 -1
33 2 471 636 253 169 0.690574 -1 -1 -1
33 0 1466 590 47 116 0.832175 -1 -1 -1
34 2 664 639 96 71 0.861472 -1 -1 -1
34 2 755 674 55 47 0.723679 -1 -1 -1
34 2 787 643 240 195 0.924021 -1 -1 -1
34 2 474 636 252 168 0.725096 -1 -1 -1
34 0 1467 590 47 116 0.831722 -1 -1 -1
35 2 664 639 97 69 0.861783 -1 -1 -1
35 2 756 675 55 47 0.745943 -1 -1 -1
35 2 788 643 239 194 0.925214 -1 -1 -1
35 2 478 637 251 167 0.728262 -1 -1 -1
35 0 1468 590 47 116 0.8761 -1 -1 -1
36 2 757 675 54 47 0.75147 -1 -1 -1
36 2 788 643 238 194 0.932094 -1 -1 -1
36 2 480 637 249 166 0.730618 -1 -1 -1
36 0 1469 589 47 116 0.877631 -1 -1 -1
37 2 758 675 54 47 0.723794 -1 -1 -1
37 2 789 644 236 193 0.926354 -1 -1 -1
37 2 483 638 248 165 0.735831 -1 -1 -1
37 0 1470 589 48 116 0.891846 -1 -1 -1
38 2 759 675 54 47 0.752154 -1 -1 -1
38 2 790 644 235 192 0.921973 -1 -1 -1
38 2 485 638 246 164 0.768121 -1 -1 -1
38 0 1472 588 49 116 0.864334 -1 -1 -1
39 2 760 675 53 47 0.73518 -1 -1 -1
39 2 791 644 234 191 0.911909 -1 -1 -1
39 2 488 639 245 163 0.779847 -1 -1 -1
39 0 1001 652 22 56 0.947881 -1 -1 -1
39 0 1474 588 49 117 0.869598 -1 -1 -1
40 2 761 675 52 47 0.832751 -1 -1 -1
40 2 791 644 233 190 0.915138 -1 -1 -1
40 2 491 639 243 162 0.780427 -1 -1 -1
40 0 1002 652 21 55 0.944628 -1 -1 -1
40 0 1476 588 49 117 0.910734 -1 -1 -1
41 2 762 675 52 46 0.784842 -1 -1 -1
41 2 792 644 232 190 0.913511 -1 -1 -1
41 2 494 639 240 161 0.80947 -1 -1 -1
41 0 1001 652 22 55 0.846969 -1 -1 -1
41 0 1477 587 50 118 0.912053 -1 -1 -1
42 2 763 675 51 46 0.803001 -1 -1 -1
42 2 793 643 230 189 0.904662 -1 -1 -1
42 2 497 639 238 159 0.811537 -1 -1 -1
42 0 1001 652 23 55 0.886221 -1 -1 -1
42 0 1479 586 51 118 0.916504 -1 -1 -1
43 2 764 675 51 46 0.848108 -1 -1 -1
43 2 793 643 228 188 0.919059 -1 -1 -1
43 2 500 639 236 158 0.8172 -1 -1 -1
43 0 1481 586 52 118 0.934269 -1 -1 -1
44 2 765 675 51 45 0.770141 -1 -1 -1
44 2 793 643 226 187 0.909444 -1 -1 -1
44 2 502 639 235 157 0.830244 -1 -1 -1
44 0 1484 586 53 118 0.940357 -1 -1 -1
45 2 765 674 51 45 0.818726 -1 -1 -1
45 2 794 643 225 186 0.893685 -1 -1 -1
45 2 505 639 232 157 0.828013 -1 -1 -1
45 0 1000 650 25 57 0.891929 -1 -1 -1
45 0 1487 586 53 119 0.974127 -1 -1 -1
46 2 765 674 50 45 0.848652 -1 -1 -1
46 2 794 643 224 185 0.897148 -1 -1 -1
46 2 507 639 230 156 0.796925 -1 -1 -1
46 0 1001 649 25 58 0.946171 -1 -1 -1
46 0 1490 585 54 121 0.949984 -1 -1 -1
47 2 766 674 50 44 0.900642 -1 -1 -1
47 2 794 644 224 184 0.900494 -1 -1 -1
47 2 510 638 228 155 0.753092 -1 -1 -1
47 0 1492 584 54 121 0.980349 -1 -1 -1
48 2 766 674 50 44 0.78804 -1 -1 -1
48 2 795 644 223 182 0.920753 -1 -1 -1
48 2 513 638 227 155 0.788171 -1 -1 -1
48 0 1002 648 25 59 0.942723 -1 -1 -1
48 0 1495 584 54 121 0.97678 -1 -1 -1
49 2 765 673 51 45 0.841378 -1 -1 -1
49 2 795 644 222 181 0.931744 -1 -1 -1
49 2 515 638 225 154 0.791495 -1 -1 -1
49 0 1499 582 53 122 1.00087 -1 -1 -1
50 2 765 673 51 45 0.833972 -1 -1 -1
50 2 796 644 220 180 0.942332 -1 -1 -1
50 2 517 638 223 153 0.794177 -1 -1 -1
50 0 1502 581 53 123 0.985558 -1 -1 -1
51 2 766 672 52 45 0.821609 -1 -1 -1
51 2 796 644 219 180 0.936093 -1 -1 -1
51 2 520 639 220 152 0.789779 -1 -1 -1
51 0 1505 580 51 123 0.965796 -1 -1 -1
52 2 766 672 52 44 0.873199 -1 -1 -1
52 2 796 644 217 179 0.95935 -1 -1 -1
52 2 522 639 218 151 0.779417 -1 -1 -1
52 0 1509 579 49 124 0.955511 -1 -1 -1
53 2 766 672 52 44 0.835936 -1 -1 -1
53 2 796 645 216 178 0.958326 -1 -1 -1
53 2 524 640 216 150 0.784058 -1 -1 -1
53 0 1514 578 47 126 0.923974 -1 -1 -1
54 2 766 671 53 44 0.84028 -1 -1 -1
54 2 797 645 216 177 0.915855 -1 -1 -1
54 2 527 640 214 149 0.837879 -1 -1 -1
54 0 1518 577 46 126 0.908869 -1 -1 -1
55 2 767 670 54 44 0.951963 -1 -1 -1
55 2 796 645 215 175 0.928228 -1 -1 -1
55 2 528 640 212 147 0.826987 -1 -1 -1
55 0 1521 576 45 127 0.873658 -1 -1 -1
56 2 767 670 54 44 0.90071 -1 -1 -1
56 2 795 645 214 174 0.949345 -1 -1 -1
56 2 530 640 211 146 0.844287 -1 -1 -1
56 0 1526 575 44 128 0.878076 -1 -1 -1
57 2 767 670 54 44 0.881378 -1 -1 -1
57 2 796 645 213 173 0.958211 -1 -1 -1
57 2 533 640 209 144 0.848947 -1 -1 -1
57 0 1531 574 43 129 0.823507 -1 -1 -1
58 2 767 669 54 43 0.912533 -1 -1 -1
58 2 796 645 212 172 0.95596 -1 -1 -1
58 2 536 641 207 143 0.847135 -1 -1 -1
58 0 1535 574 44 131 0.826099 -1 -1 -1
59 2 767 669 54 43 0.892235 -1 -1 -1
59 2 797 645 212 172 0.938532 -1 -1 -1
59 2 539 641 205 141 0.847849 -1 -1 -1
59 0 1537 574 46 131 0.756458 -1 -1 -1
60 2 768 669 54 43 0.894219 -1 -1 -1
60 2 796 645 211 170 0.92658 -1 -1 -1
60 2 543 641 203 140 0.804354 -1 -1 -1
60 0 1538 575 49 130 0.811341 -1 -1 -1
61 2 768 669 54 42 0.943469 -1 -1 -1
61 2 797 645 210 170 0.93642 -1 -1 -1
61 2 546 642 201 139 0.86863 -1 -1 -1
61 0 1540 575 52 130 0.797275 -1 -1 -1
62 2 768 669 54 42 0.905054 -1 -1 -1
62 2 797 645 209 169 0.951824 -1 -1 -1
62 2 548 642 199 138 0.943856 -1 -1 -1
62 0 1544 575 54 131 0.777931 -1 -1 -1
63 2 768 669 54 42 0.910742 -1 -1 -1
63 2 798 646 208 168 0.946256 -1 -1 -1
63 2 551 642 198 137 0.91076 -1 -1 -1
63 0 1548 575 55 131 0.758152 -1 -1 -1
64 2 768 669 54 41 0.891039 -1 -1 -1
64 2 799 646 206 166 0.956734 -1 -1 -1
64 2 553 642 196 136 0.923142 -1 -1 -1
64 0 1553 574 57 132 0.732161 -1 -1 -1
65 2 768 669 54 41 0.913576 -1 -1 -1
65 2 800 645 205 166 0.958452 -1 -1 -1
65 2 556 642 195 135 0.826551 -1 -1 -1
65 0 1557 574 57 133 0.744894 -1 -1 -1
66 2 769 669 54 41 0.905242 -1 -1 -1
66 2 801 646 204 166 0.959235 -1 -1 -1
66 2 558 642 194 134 0.837522 -1 -1 -1
66 0 1561 573 57 134 0.692177 -1 -1 -1
67 2 769 669 54 41 0.907467 -1 -1 -1
67 2 801 646 202 166 0.963743 -1 -1 -1
67 2 560 643 192 134 0.8744 -1 -1 -1
67 0 1565 572 58 135 0.772688 -1 -1 -1
68 2 773 669 51 41 0.882984 -1 -1 -1
68 2 802 646 201 166 0.94833 -1 -1 -1
68 2 561 643 192 133 0.8987 -1 -1 -1
68 0 1569 571 58 135 0.766701 -1 -1 -1
69 2 776 669 49 41 0.862825 -1 -1 -1
69 2 802 646 200 165 0.967 -1 -1 -1
69 2 562 643 192 132 0.875059 -1 -1 -1
69 0 1573 569 58 136 0.762213 -1 -1 -1
70 2 777 668 48 41 0.860046 -1 -1 -1
70 2 803 646 199 164 0.960519 -1 -1 -1
70 2 565 643 192 132 0.856614 -1 -1 -1
70 0 1576 569 58 137 0.81528 -1 -1 -1
71 2 779 668 47 41 0.837893 -1 -1 -1
71 2 803 646 198 164 0.950996 -1 -1 -1
71 2 567 642 189 132 0.840174 -1 -1 -1
71 0 1580 569 56 137 0.810699 -1 -1 -1
72 2 780 668 46 40 0.896125 -1 -1 -1
72 2 570 642 186 131 0.834313 -1 -1 -1
72 2 804 647 198 163 0.954781 -1 -1 -1
72 0 1584 568 55 136 0.838271 -1 -1 -1
73 2 781 669 45 40 0.934522 -1 -1 -1
73 2 804 647 197 162 0.936095 -1 -1 -1
73 2 573 643 185 130 0.836318 -1 -1 -1
73 0 1588 567 55 137 0.868738 -1 -1 -1
74 2 764 669 41 38 0.587756 -1 -1 -1
74 2 781 669 45 40 0.925274 -1 -1 -1
74 2 804 647 196 161 0.974675 -1 -1 -1
74 2 576 644 184 128 0.850683 -1 -1 -1
74 0 1591 566 57 138 0.86613 -1 -1 -1
75 2 762 669 39 37 0.614228 -1 -1 -1
75 2 782 669 44 40 0.968143 -1 -1 -1
75 2 805 648 195 160 0.936646 -1 -1 -1
75 2 578 644 183 128 0.874201 -1 -1 -1
75 0 1594 565 60 139 0.913228 -1 -1 -1
76 2 760 669 36 36 0.790028 -1 -1 -1
76 2 783 669 44 40 0.986253 -1 -1 -1
76 2 805 649 194 159 0.959368 -1 -1 -1
76 2 580 644 183 127 0.854492 -1 -1 -1
76 0 1598 565 62 140 0.895347 -1 -1 -1
77 2 758 666 33 36 0.745592 -1 -1 -1
77 2 784 670 44 39 0.971591 -1 -1 -1
77 2 805 649 193 158 0.958046 -1 -1 -1
77 2 582 645 181 126 0.846857 -1 -1 -1
77 0 1601 564 65 141 0.860237 -1 -1 -1
78 2 758 665 31 36 0.577237 -1 -1 -1
78 2 785 670 43 39 0.920094 -1 -1 -1
78 2 584 644 180 126 0.832148 -1 -1 -1
78 2 805 648 192 158 0.951384 -1 -1 -1
78 0 1603 564 69 142 0.785076 -1 -1 -1
79 2 757 664 31 36 0.557251 -1 -1 -1
79 2 785 670 42 39 0.966454 -1 -1 -1
79 2 586 644 179 126 0.845365 -1 -1 -1
79 2 806 648 191 158 0.959385 -1 -1 -1
79 0 1607 565 71 143 0.759003 -1 -1 -1
80 2 760 667 35 36 0.568925 -1 -1 -1
80 2 786 670 41 40 1.00832 -1 -1 -1
80 2 588 645 176 125 0.84588 -1 -1 -1
80 2 806 648 190 158 0.986333 -1 -1 -1
80 0 1611 564 73 144 0.799292 -1 -1 -1
81 2 760 667 34 35 0.667507 -1 -1 -1
81 2 786 669 41 40 0.956693 -1 -1 -1
81 2 591 645 171 124 0.823711 -1 -1 -1
81 2 806 648 189 157 0.960047 -1 -1 -1
81 0 1617 563 73 145 0.809051 -1 -1 -1
82 2 760 667 34 35 0.71247 -1 -1 -1
82 2 787 669 41 40 0.971892 -1 -1 -1
82 2 593 645 169 123 0.803647 -1 -1 -1
82 2 806 648 188 157 0.993705 -1 -1 -1
82 0 1623 563 74 146 0.83284 -1 -1 -1
83 2 760 666 34 33 0.737698 -1 -1 -1
83 2 788 668 41 40 0.962186 -1 -1 -1
83 2 595 646 169 122 0.832471 -1 -1 -1
83 2 806 647 187 156 0.973577 -1 -1 -1
83 0 1629 562 75 147 0.817556 -1 -1 -1
84 2 762 667 34 33 0.70674 -1 -1 -1
84 2 789 668 41 40 0.970157 -1 -1 -1
84 2 597 646 168 121 0.811405 -1 -1 -1
84 2 807 647 187 156 0.95003 -1 -1 -1
84 0 1635 561 75 148 0.814961 -1 -1 -1
85 2 763 668 35 33 0.791598 -1 -1 -1
85 2 791 668 40 40 0.960642 -1 -1 -1
85 2 599 646 168 120 0.799205 -1 -1 -1
85 2 807 647 186 155 0.929545 -1 -1 -1
85 0 1642 560 74 150 0.868495 -1 -1 -1
86 2 792 668 39 40 0.982156 -1 -1 -1
86 2 763 668 36 33 0.75589 -1 -1 -1
86 2 807 648 185 154 0.947061 -1 -1 -1
86 2 603 646 164 120 0.816571 -1 -1 -1
86 0 1650 558 70 151 0.861768 -1 -1 -1
87 2 763 668 36 33 0.764838 -1 -1 -1
87 2 793 668 38 40 1.0151 -1 -1 -1
87 2 807 648 184 154 0.922277 -1 -1 -1
87 2 605 646 163 120 0.843214 -1 -1 -1
87 0 1658 556 66 151 0.916869 -1 -1 -1
88 2 764 668 36 33 0.762227 -1 -1 -1
88 2 794 668 38 40 0.972392 -1 -1 -1
88 2 607 646 162 119 0.846256 -1 -1 -1
88 2 808 648 183 153 0.921751 -1 -1 -1
88 0 1668 554 62 152 0.875401 -1 -1 -1
89 2 765 668 36 33 0.722618 -1 -1 -1
89 2 794 668 37 40 0.970519 -1 -1 -1
89 2 608 646 159 118 0.857345 -1 -1 -1
89 2 808 648 182 152 0.910716 -1 -1 -1
89 0 1676 552 58 153 0.8628 -1 -1 -1
90 2 765 667 35 32 0.761278 -1 -1 -1
90 2 609 646 158 118 0.874075 -1 -1 -1
90 2 808 648 181 151 0.883106 -1 -1 -1
90 0 1685 550 56 156 0.878665 -1 -1 -1
91 2 766 667 34 32 0.836975 -1 -1 -1
91 2 611 645 158 117 0.875545 -1 -1 -1
91 2 809 648 179 150 0.927462 -1 -1 -1
91 0 1692 548 55 158 0.855647 -1 -1 -1
92 2 768 667 33 33 0.84381 -1 -1 -1
92 2 785 667 42 38 0.933911 -1 -1 -1
92 2 613 645 154 115 0.89171 -1 -1 -1
92 2 809 648 178 149 0.912204 -1 -1 -1
92 0 1700 547 55 159 0.801313 -1 -1 -1
93 2 769 666 32 32 0.726255 -1 -1 -1
93 2 781 667 45 37 0.756083 -1 -1 -1
93 2 55 672 87 23 0.628374 -1 -1 -1
93 2 616 644 153 116 0.874307 -1 -1 -1
93 2 809 648 177 148 0.913339 -1 -1 -1
93 0 1707 545 55 162 0.85486 -1 -1 -1
94 2 769 666 31 31 0.759927 -1 -1 -1
94 2 778 666 46 36 0.748799 -1 -1 -1
94 2 35 672 89 24 0.614181 -1 -1 -1
94 2 618 643 155 116 0.860684 -1 -1 -1
94 2 810 647 176 147 0.915399 -1 -1 -1
94 0 1713 544 56 164 0.833603 -1 -1 -1
95 2 769 665 31 31 0.797878 -1 -1 -1
95 2 777 666 46 36 0.721671 -1 -1 -1
95 2 13 673 92 25 0.589087 -1 -1 -1
95 2 620 642 156 115 0.841384 -1 -1 -1
95 2 810 647 175 146 0.956787 -1 -1 -1
95 0 1720 543 59 165 0.774846 -1 -1 -1
96 2 777 666 46 36 0.702064 -1 -1 -1
96 2 0 672 87 26 0.628567 -1 -1 -1
96 2 8 785 84 188 0.689895 -1 -1 -1
96 2 622 642 156 114 0.849321 -1 -1 -1
96 2 811 647 173 145 0.952459 -1 -1 -1
96 0 1724 542 63 166 0.814337 -1 -1 -1
97 11 1080 591 36 36 0.956684 -1 -1 -1
97 2 778 665 46 35 0.65944 -1 -1 -1
97 2 0 671 71 27 0.573904 -1 -1 -1
97 2 11 777 94 194 0.655049 -1 -1 -1
97 2 623 643 156 114 0.839763 -1 -1 -1
97 2 812 647 172 144 0.932489 -1 -1 -1
97 0 1730 541 67 167 0.710838 -1 -1 -1
98 2 778 665 47 35 0.672782 -1 -1 -1
98 2 12 766 105 206 0.597918 -1 -1 -1
98 2 812 646 171 143 0.934879 -1 -1 -1
98 2 625 643 156 113 0.83488 -1 -1 -1
98 0 1738 540 70 170 0.792984 -1 -1 -1
99 2 778 664 47 35 0.69691 -1 -1 -1
99 2 13 756 116 214 0.58298 -1 -1 -1
99 2 813 646 171 143 0.940071 -1 -1 -1
99 2 627 643 155 112 0.843015 -1 -1 -1
99 0 1746 540 73 171 0.764815 -1 -1 -1
100 2 776 664 46 35 0.712724 -1 -1 -1
100 2 813 646 170 142 0.95007 -1 -1 -1
100 2 629 643 155 111 0.889946 -1 -1 -1
100 2 13 747 128 222 0.603517 -1 -1 -1
100 0 1756 539 76 171 0.76803 -1 -1 -1
101 2 778 664 45 34 0.647586 -1 -1 -1
101 2 813 646 169 141 0.934708 -1 -1 -1
101 2 632 643 153 111 0.872372 -1 -1 -1
101 2 14 738 140 231 0.596691 -1 -1 -1
101 0 1767 537 77 172 0.798041 -1 -1 -1
102 2 779 665 44 34 0.627309 -1 -1 -1
102 2 814 646 168 141 0.940806 -1 -1 -1
102 2 634 643 152 110 0.903873 -1 -1 -1
102 2 15 728 152 240 0.597864 -1 -1 -1
102 0 1779 533 77 175 0.854288 -1 -1 -1
103 2 781 665 42 33 0.629298 -1 -1 -1
103 2 814 645 167 140 0.932594 -1 -1 -1
103 2 635 643 153 110 0.921371 -1 -1 -1
103 2 16 718 165 249 0.591469 -1 -1 -1
103 0 1790 530 77 177 0.790892 -1 -1 -1
104 2 783 665 41 32 0.660461 -1 -1 -1
104 2 815 645 166 139 0.941264 -1 -1 -1
104 2 638 643 152 109 0.920248 -1 -1 -1
104 2 15 709 176 258 0.611553 -1 -1 -1
104 0 1801 528 77 179 0.740699 -1 -1 -1
105 2 784 665 41 32 0.740465 -1 -1 -1
105 2 639 644 148 107 0.934654 -1 -1 -1
105 2 816 645 164 138 0.963295 -1 -1 -1
105 2 14 701 188 266 0.676628 -1 -1 -1
105 0 1811 526 76 181 0.593366 -1 -1 -1
106 2 771 664 35 31 0.59776 -1 -1 -1
106 2 784 665 41 31 0.75204 -1 -1 -1
106 2 640 645 145 106 0.921697 -1 -1 -1
106 2 816 646 164 137 0.96695 -1 -1 -1
106 2 13 694 199 274 0.714055 -1 -1 -1
106 0 1820 523 73 184 0.768015 -1 -1 -1
107 2 770 665 36 32 0.597747 -1 -1 -1
107 2 785 665 41 31 0.740065 -1 -1 -1
107 2 642 645 143 105 0.889011 -1 -1 -1
107 2 817 646 163 137 0.967785 -1 -1 -1
107 2 13 686 211 283 0.65374 -1 -1 -1
107 0 1828 520 72 187 0.817569 -1 -1 -1
108 2 771 664 36 33 0.613705 -1 -1 -1
108 2 786 665 42 31 0.744306 -1 -1 -1
108 2 643 646 139 104 0.915163 -1 -1 -1
108 2 817 646 162 136 0.937563 -1 -1 -1
108 2 13 677 222 292 0.642564 -1 -1 -1
108 0 1835 520 71 187 0.825387 -1 -1 -1
109 2 787 665 42 31 0.795008 -1 -1 -1
109 2 648 645 140 105 0.862663 -1 -1 -1
109 2 817 646 162 136 0.949368 -1 -1 -1
109 2 13 667 233 303 0.648876 -1 -1 -1
109 0 1843 518 71 189 0.742148 -1 -1 -1
110 2 788 664 42 32 0.78431 -1 -1 -1
110 2 650 645 139 106 0.898259 -1 -1 -1
110 2 817 647 161 135 0.941013 -1 -1 -1
110 2 13 657 244 312 0.605631 -1 -1 -1
110 0 1851 516 69 191 0.721509 -1 -1 -1
111 2 788 664 42 32 0.702082 -1 -1 -1
111 2 652 645 139 106 0.89852 -1 -1 -1
111 2 817 647 160 134 0.942369 -1 -1 -1
111 2 14 648 255 320 0.612613 -1 -1 -1
111 0 1859 515 61 194 0.592225 -1 -1 -1
112 2 789 664 42 32 0.776783 -1 -1 -1
112 2 654 645 140 105 0.920429 -1 -1 -1
112 2 818 647 159 134 0.931793 -1 -1 -1
112 2 14 639 265 328 0.583842 -1 -1 -1
112 0 1867 513 53 197 0.580466 -1 -1 -1
113 2 790 664 41 32 0.742715 -1 -1 -1
113 2 655 646 139 105 0.864564 -1 -1 -1
113 2 818 648 159 133 0.931673 -1 -1 -1
113 2 13 630 275 335 0.719028 -1 -1 -1
113 0 1878 514 42 196 0.653268 -1 -1 -1
114 2 791 664 40 32 0.660649 -1 -1 -1
114 2 657 645 138 106 0.853696 -1 -1 -1
114 2 818 648 158 132 0.935705 -1 -1 -1
114 2 12 622 285 345 0.662956 -1 -1 -1
115 2 793 664 38 32 0.730541 -1 -1 -1
115 2 658 646 138 105 0.868607 -1 -1 -1
115 2 819 649 158 132 0.93006 -1 -1 -1
115 2 12 616 294 354 0.679566 -1 -1 -1
116 2 793 664 38 31 0.744248 -1 -1 -1
116 2 659 647 136 105 0.886914 -1 -1 -1
116 2 819 649 157 131 0.945932 -1 -1 -1
116 2 10 610 304 360 0.712833 -1 -1 -1
117 2 792 665 38 31 0.763439 -1 -1 -1
117 2 660 648 135 105 0.907256 -1 -1 -1
117 2 819 650 156 131 0.924315 -1 -1 -1
117 2 9 601 313 366 0.723902 -1 -1 -1
118 2 792 665 38 31 0.783962 -1 -1 -1
118 2 662 649 133 105 0.823906 -1 -1 -1
118 2 820 651 155 130 0.963245 -1 -1 -1
118 2 13 596 322 372 0.679612 -1 -1 -1
119 2 793 666 38 30 0.82403 -1 -1 -1
119 2 664 649 132 104 0.864758 -1 -1 -1
119 2 820 651 154 129 0.938339 -1 -1 -1
119 2 12 589 330 379 0.750444 -1 -1 -1
120 2 793 666 38 29 0.857773 -1 -1 -1
120 2 666 649 131 104 0.842277 -1 -1 -1
120 2 820 651 154 128 0.916715 -1 -1 -1
120 2 9 586 339 384 0.63315 -1 -1 -1
121 2 794 665 39 29 0.874814 -1 -1 -1
121 2 668 648 130 103 0.876445 -1 -1 -1
121 2 820 651 153 128 0.825988 -1 -1 -1
121 2 8 581 348 389 0.686722 -1 -1 -1
122 2 796 665 37 29 0.916442 -1 -1 -1
122 2 670 648 128 102 0.910631 -1 -1 -1
122 2 7 578 357 394 0.722439 -1 -1 -1
122 2 821 651 152 127 0.858169 -1 -1 -1
123 2 800 663 34 30 0.923326 -1 -1 -1
123 2 7 574 366 400 0.705672 -1 -1 -1
123 2 672 647 124 102 0.872979 -1 -1 -1
123 2 821 650 152 126 0.807154 -1 -1 -1
124 2 802 663 33 31 0.831121 -1 -1 -1
124 2 675 645 121 101 0.877816 -1 -1 -1
124 2 822 650 151 125 0.856043 -1 -1 -1
124 2 7 571 375 405 0.68969 -1 -1 -1
125 2 803 663 32 32 0.740107 -1 -1 -1
125 2 677 645 119 101 0.858331 -1 -1 -1
125 2 822 649 150 125 0.751545 -1 -1 -1
125 2 5 570 383 408 0.711983 -1 -1 -1
126 2 804 661 33 32 0.724552 -1 -1 -1
126 2 680 644 117 100 0.86662 -1 -1 -1
126 2 823 648 149 123 0.862106 -1 -1 -1
126 2 5 567 391 410 0.723559 -1 -1 -1
127 2 806 661 33 33 0.764313 -1 -1 -1
127 2 681 645 118 99 0.917843 -1 -1 -1
127 2 823 647 149 123 0.859986 -1 -1 -1
127 2 5 565 399 411 0.721227 -1 -1 -1
128 2 784 663 33 70 0.909257 -1 -1 -1
128 2 682 645 117 98 0.910518 -1 -1 -1
128 2 823 647 148 123 0.866613 -1 -1 -1
128 2 0 568 408 411 0.658401 -1 -1 -1
129 2 684 644 117 98 0.920088 -1 -1 -1
129 2 824 647 148 123 0.881351 -1 -1 -1
129 2 0 570 412 411 0.745287 -1 -1 -1
130 2 799 660 35 34 0.693251 -1 -1 -1
130 2 685 644 116 98 0.915109 -1 -1 -1
130 2 825 647 147 122 0.884642 -1 -1 -1
130 2 0 568 423 409 0.795463 -1 -1 -1
131 2 796 659 35 37 0.801381 -1 -1 -1
131 2 687 643 116 98 0.907184 -1 -1 -1
131 2 825 646 146 122 0.884702 -1 -1 -1
131 2 2 568 430 407 0.775211 -1 -1 -1
132 2 795 659 36 40 0.766709 -1 -1 -1
132 2 825 655 50 47 0.804099 -1 -1 -1
132 2 689 643 115 98 0.917142 -1 -1 -1
132 2 825 646 145 122 0.912419 -1 -1 -1
132 2 4 569 436 404 0.776159 -1 -1 -1
133 2 825 654 51 47 0.850527 -1 -1 -1
133 2 796 657 35 39 0.793578 -1 -1 -1
133 2 690 643 117 98 0.887882 -1 -1 -1
133 2 826 646 145 121 0.884275 -1 -1 -1
133 2 3 571 443 402 0.65256 -1 -1 -1
134 2 797 657 33 36 0.833113 -1 -1 -1
134 2 827 653 55 48 0.888136 -1 -1 -1
134 2 693 643 118 97 0.876101 -1 -1 -1
134 2 827 647 144 121 0.931135 -1 -1 -1
134 2 4 572 449 400 0.689738 -1 -1 -1
135 2 796 657 32 35 0.801105 -1 -1 -1
135 2 694 644 119 96 0.917333 -1 -1 -1
135 2 827 648 143 121 0.884604 -1 -1 -1
135 2 4 576 456 397 0.717283 -1 -1 -1
136 2 696 644 118 96 0.88239 -1 -1 -1
136 2 828 649 143 119 0.879312 -1 -1 -1
136 2 4 579 463 393 0.75325 -1 -1 -1
137 2 697 645 117 95 0.886924 -1 -1 -1
137 2 828 649 142 119 0.860547 -1 -1 -1
137 2 6 583 470 390 0.635025 -1 -1 -1
138 2 698 646 116 94 0.876535 -1 -1 -1
138 2 829 649 141 118 0.877528 -1 -1 -1
138 2 6 585 476 388 0.606958 -1 -1 -1
139 2 662 657 39 35 0.906272 -1 -1 -1
139 2 830 649 141 118 0.877635 -1 -1 -1
139 2 699 646 115 94 0.92445 -1 -1 -1
139 2 4 586 482 385 0.623302 -1 -1 -1
140 2 662 657 40 35 0.863234 -1 -1 -1
140 2 831 649 140 117 0.872378 -1 -1 -1
140 2 701 647 113 93 0.954212 -1 -1 -1
140 2 4 587 488 383 0.661719 -1 -1 -1
141 2 662 657 40 35 0.848932 -1 -1 -1
141 2 831 649 139 117 0.880669 -1 -1 -1
141 2 703 647 112 93 0.949504 -1 -1 -1
141 2 3 585 494 381 0.561999 -1 -1 -1
142 2 662 657 40 35 0.867563 -1 -1 -1
142 2 831 649 139 117 0.890878 -1 -1 -1
142 2 704 647 111 92 0.937931 -1 -1 -1
142 2 3 584 500 379 0.556346 -1 -1 -1
143 2 662 657 40 35 0.819878 -1 -1 -1
143 2 832 649 139 116 0.904983 -1 -1 -1
143 2 705 647 110 92 0.961865 -1 -1 -1
143 2 8 586 505 376 0.596652 -1 -1 -1
144 2 662 657 41 35 0.821231 -1 -1 -1
144 2 706 648 110 91 0.928133 -1 -1 -1
144 2 832 650 138 116 0.897897 -1 -1 -1
144 2 9 589 510 374 0.643086 -1 -1 -1
145 2 662 658 41 35 0.82747 -1 -1 -1
145 2 833 650 137 115 0.877855 -1 -1 -1
145 2 707 648 110 91 0.921374 -1 -1 -1
145 2 9 590 515 373 0.610096 -1 -1 -1
146 2 8 598 195 76 0.42091 -1 -1 -1
146 2 663 658 41 36 0.782958 -1 -1 -1
146 2 833 650 137 115 0.908198 -1 -1 -1
146 2 707 648 109 90 0.932983 -1 -1 -1
146 2 8 592 520 369 0.545107 -1 -1 -1
147 2 663 658 41 36 0.779936 -1 -1 -1
147 2 834 650 136 114 0.908101 -1 -1 -1
147 2 708 649 108 89 0.946609 -1 -1 -1
147 2 7 592 525 366 0.628338 -1 -1 -1
148 2 662 659 43 36 0.810166 -1 -1 -1
148 2 834 650 135 115 0.913023 -1 -1 -1
148 2 709 648 108 88 0.949884 -1 -1 -1
148 2 5 593 530 363 0.635713 -1 -1 -1
149 2 711 648 107 88 0.970519 -1 -1 -1
149 2 835 650 135 115 0.934282 -1 -1 -1
149 2 4 594 534 361 0.622968 -1 -1 -1
150 2 712 649 108 87 0.956146 -1 -1 -1
150 2 835 650 134 115 0.929519 -1 -1 -1
150 2 3 595 539 358 0.646953 -1 -1 -1
151 2 713 649 109 86 0.957249 -1 -1 -1
151 2 836 650 133 114 0.931495 -1 -1 -1
151 2 4 597 543 355 0.652739 -1 -1 -1
152 2 714 649 109 86 0.971273 -1 -1 -1
152 2 836 651 133 113 0.90967 -1 -1 -1
152 2 4 598 555 351 0.666644 -1 -1 -1
